[49, 99, 39, 73, 99, 66, 67, 26, 79, 56]
[49, 99, 39, 73, 99, 66, 67, 26, 79, 56]
[99, 49, 39, 73, 99, 66, 67, 26, 79, 56]
[99, 49, 39, 73, 99, 66, 67, 26, 79, 56]
[99, 49, 39, 73, 99, 66, 67, 26, 79, 56]
[99, 49, 39, 73, 99, 66, 67, 26, 79, 56]
[99, 49, 39, 73, 99, 66, 67, 26, 79, 56]
[99, 49, 39, 73, 99, 66, 67, 26, 79, 56]
[99, 49, 39, 73, 99, 66, 67, 26, 79, 56]
[99, 49, 39, 73, 99, 66, 67, 26, 79, 56]
[99, 49, 39, 73, 99, 66, 67, 26, 79, 56]
[49, 99, 39, 73, 99, 66, 67, 26, 79, 56]
[49, 99, 39, 73, 99, 66, 67, 26, 79, 56]
[49, 99, 39, 73, 99, 66, 67, 26, 79, 56]
[49, 99, 39, 73, 99, 66, 67, 26, 79, 56]
[49, 99, 39, 73, 99, 66, 67, 26, 79, 56]
[49, 99, 39, 73, 99, 66, 67, 26, 79, 56]
[49, 99, 39, 73, 99, 66, 67, 26, 79, 56]
[49, 99, 39, 73, 99, 66, 67, 26, 79, 56]
[49, 99, 39, 73, 99, 66, 67, 26, 79, 56]
[49, 99, 39, 73, 99, 66, 67, 26, 79, 56]
[39, 99, 49, 73, 99, 66, 67, 26, 79, 56]
[39, 49, 99, 73, 99, 66, 67, 26, 79, 56]
[39, 49, 99, 73, 99, 66, 67, 26, 79, 56]
[39, 49, 99, 73, 99, 66, 67, 26, 79, 56]
[39, 49, 99, 73, 99, 66, 67, 26, 79, 56]
[39, 49, 99, 73, 99, 66, 67, 26, 79, 56]
[39, 49, 99, 73, 99, 66, 67, 26, 79, 56]
[39, 49, 99, 73, 99, 66, 67, 26, 79, 56]
[39, 49, 99, 73, 99, 66, 67, 26, 79, 56]
[39, 49, 99, 73, 99, 66, 67, 26, 79, 56]
[39, 49, 99, 73, 99, 66, 67, 26, 79, 56]
[39, 49, 99, 73, 99, 66, 67, 26, 79, 56]
[39, 49, 73, 99, 99, 66, 67, 26, 79, 56]
[39, 49, 73, 99, 99, 66, 67, 26, 79, 56]
[39, 49, 73, 99, 99, 66, 67, 26, 79, 56]
[39, 49, 73, 99, 99, 66, 67, 26, 79, 56]
[39, 49, 73, 99, 99, 66, 67, 26, 79, 56]
[39, 49, 73, 99, 99, 66, 67, 26, 79, 56]
[39, 49, 73, 99, 99, 66, 67, 26, 79, 56]
[39, 49, 73, 99, 99, 66, 67, 26, 79, 56]
[39, 49, 73, 99, 99, 66, 67, 26, 79, 56]
[39, 49, 73, 99, 99, 66, 67, 26, 79, 56]
[39, 49, 73, 99, 99, 66, 67, 26, 79, 56]
[39, 49, 73, 99, 99, 66, 67, 26, 79, 56]
[39, 49, 73, 99, 99, 66, 67, 26, 79, 56]
[39, 49, 73, 99, 99, 66, 67, 26, 79, 56]
[39, 49, 73, 99, 99, 66, 67, 26, 79, 56]
[39, 49, 73, 99, 99, 66, 67, 26, 79, 56]
[39, 49, 73, 99, 99, 66, 67, 26, 79, 56]
[39, 49, 73, 99, 99, 66, 67, 26, 79, 56]
[39, 49, 73, 99, 99, 66, 67, 26, 79, 56]
[39, 49, 73, 99, 99, 66, 67, 26, 79, 56]
[39, 49, 66, 99, 99, 73, 67, 26, 79, 56]
[39, 49, 66, 73, 99, 99, 67, 26, 79, 56]
[39, 49, 66, 73, 99, 99, 67, 26, 79, 56]
[39, 49, 66, 73, 99, 99, 67, 26, 79, 56]
[39, 49, 66, 73, 99, 99, 67, 26, 79, 56]
[39, 49, 66, 73, 99, 99, 67, 26, 79, 56]
[39, 49, 66, 73, 99, 99, 67, 26, 79, 56]
[39, 49, 66, 73, 99, 99, 67, 26, 79, 56]
[39, 49, 66, 73, 99, 99, 67, 26, 79, 56]
[39, 49, 66, 73, 99, 99, 67, 26, 79, 56]
[39, 49, 66, 73, 99, 99, 67, 26, 79, 56]
[39, 49, 66, 67, 99, 99, 73, 26, 79, 56]
[39, 49, 66, 67, 73, 99, 99, 26, 79, 56]
[39, 49, 66, 67, 73, 99, 99, 26, 79, 56]
[39, 49, 66, 67, 73, 99, 99, 26, 79, 56]
[39, 49, 66, 67, 73, 99, 99, 26, 79, 56]
[39, 49, 66, 67, 73, 99, 99, 26, 79, 56]
[39, 49, 66, 67, 73, 99, 99, 26, 79, 56]
[26, 49, 66, 67, 73, 99, 99, 39, 79, 56]
[26, 39, 66, 67, 73, 99, 99, 49, 79, 56]
[26, 39, 49, 67, 73, 99, 99, 66, 79, 56]
[26, 39, 49, 66, 73, 99, 99, 67, 79, 56]
[26, 39, 49, 66, 67, 99, 99, 73, 79, 56]
[26, 39, 49, 66, 67, 73, 99, 99, 79, 56]
[26, 39, 49, 66, 67, 73, 99, 99, 79, 56]
[26, 39, 49, 66, 67, 73, 99, 99, 79, 56]
[26, 39, 49, 66, 67, 73, 99, 99, 79, 56]
[26, 39, 49, 66, 67, 73, 99, 99, 79, 56]
[26, 39, 49, 66, 67, 73, 99, 99, 79, 56]
[26, 39, 49, 66, 67, 73, 99, 99, 79, 56]
[26, 39, 49, 66, 67, 73, 99, 99, 79, 56]
[26, 39, 49, 66, 67, 73, 99, 99, 79, 56]
[26, 39, 49, 66, 67, 73, 99, 99, 79, 56]
[26, 39, 49, 66, 67, 73, 99, 99, 79, 56]
[26, 39, 49, 66, 67, 73, 79, 99, 99, 56]
[26, 39, 49, 66, 67, 73, 79, 99, 99, 56]
[26, 39, 49, 66, 67, 73, 79, 99, 99, 56]
[26, 39, 49, 66, 67, 73, 79, 99, 99, 56]
[26, 39, 49, 66, 67, 73, 79, 99, 99, 56]
[26, 39, 49, 66, 67, 73, 79, 99, 99, 56]
[26, 39, 49, 66, 67, 73, 79, 99, 99, 56]
[26, 39, 49, 56, 67, 73, 79, 99, 99, 66]
[26, 39, 49, 56, 66, 73, 79, 99, 99, 67]
[26, 39, 49, 56, 66, 67, 79, 99, 99, 73]
[26, 39, 49, 56, 66, 67, 73, 99, 99, 79]
[26, 39, 49, 56, 66, 67, 73, 79, 99, 99]
[26, 39, 49, 56, 66, 67, 73, 79, 99, 99]
